0000000000000000
0101000010100001
0101000000000010
0010010000010010
0101000101000001
0101000000100010
0010010000010010
0101001100100001
0101000001000010
0010010000010010
0101010110100001
0101000001100010
0010010000010010
0101100010001101
0110000100111101
0101011100111110
0110000000111110
0010101011100000
0010010000011101
1011111111101101
0010010000101101
1011111111101101
0010010000111101
1011111111101101
0010010001001101
1011111111101101
0010010001011101
1011111111101101
0010010001101101
1011111111101101
0010010010101101
1011111111101101
0010010011001101
1001000011011100
1011000100001100
0010000011000001
1011111100001100
1111001000000001
1011000100001100
0010010000011100
1011111100001100
0101000000101110
1111011000001110
0010110001100000
0101000000000001
1001000000011011
0101010001001110
0010101011100000
0010110000010000
1011000100001100
0010000011000001
1011111100001100
1001000000010010
0101000000010011
1001001000110011
0101000000100100
1110010000110101
1011000100001100
0010010000011100
1011111100001100
1011111111101100
0010010000101100
1011000000101100
1011111111001100
0010010001011100
1011000001001100
1011111111001100
0010000011000001
1011000001001100
1011111111101100
0010000011000010
1011000000101100
1111000100100001
1011111111001100
0010010000011100
1011000001001100
1011111111101100
0010010000101100
1011000000101100
0101000000101110
1111011000011110
0010110110100000
1011111111101100
0010000011000001
1011000000101100
1011111111001100
0010000011000010
1011000001001100
1001000000100001
1011000100001100
0010000011000011
1011111100001100
1110000100110100
1001000101000100
0101000000100101
1110010101000110
1011111111101100
0010010000011100
1011000000101100
1011000100001100
0010010000111100
1011111100001100
1011111111001100
0010010001101100
1011000001001100
0101110110001110
0010101011100000
1011111111101100
0010000011000001
1011000000101100
1001000000011011
0010110001000000
1011111111101100
0010010000011100
1011000000101100
1001000011001101
1011000000101101
0010000011011010
1011000000101101
0010000011010110
1011000000101101
0010000011010101
1011000000101101
0010000011010100
1011000000101101
0010000011010011
1011000000101101
0010000011010010
1011000000101101
0010000011010001
0010000011001100
0010100010100000
0010010000011101
1011111111101101
0010010000101101
1011111111101101
0010010000111101
1011111111101101
0010010001001101
1011111111101101
0010010001011101
1011111111101101
0010010001101101
1011111111101101
0010010001111101
1011111111101101
0010010010001101
1011111111101101
0010010010011101
1011111111101101
0010010010101101
1011111111101101
0010010011001101
1001000011011100
0101000000000001
1001000100010010
1111110100100010
1011111111100010
1001001011000010
0010000000100011
0101110010000100
0110101011110100
0010010001000010
0101000000010100
1001010001000101
1111110101010101
1011111111100101
1001010111000101
0010000001010110
0101110001010111
0110011001110111
0010010001110101
0101000000100111
1001011101111000
1111110110001000
1011111111101000
1001100011001000
0010000010001001
1011100001101100
0010010010001100
1011011110101100
0101110101001000
0110001101101000
1011100001001100
0010010000011100
1011011111001100
0010010010000001
0101000000111000
1011100001101100
0010010000011100
1011011110101100
1001100010000001
1111110100010001
1011111111100001
1001000111000001
1011100000101100
0010010000101100
1011011111101100
0010000000010010
1011100000001100
0010010000011100
0101100000001110
0110000000001110
1001110011101100
0101110101010001
0110000110110001
0101011111101110
0110111111111110
1001110011101100
0010010000111100
0101100000101110
0110000000001110
1001110011101100
0010010000010011
0101000001000001
0101011111001110
0110111111111110
1001110011101100
0010010000101100
0101100001001110
0110000000001110
1001110011101100
1001000100010010
1111110100100010
1011111111100010
1001001011000010
0101011110101110
0110111111111110
1001110011101100
0010010000011100
0101100001101110
0110000000001110
1001110011101100
0010000000100001
0101011110001110
0110111111111110
1001110011101100
0010010000011100
0101100010001110
0110000000001110
1001110011101100
0101111110000001
0110000011010001
0101011101101110
0110111111111110
1001110011101100
0010010000011100
0101100010101110
0110000000001110
1001110011101100
0101011110001110
0110111111111110
1001110011101100
0010000011000001
0101100010001110
0110000000001110
1001110011101100
0101011101001110
0110111111111110
1001110011101100
0010010000101100
0101100011001110
0110000000001110
1001110011101100
0101011101101110
0110111111111110
1001110011101100
0010000011000010
0101100010101110
0110000000001110
1001110011101100
1011100000001100
0010010000111100
0101100000001110
0110000000001110
1001110011101100
0010010000100011
0101000001010010
0101011110001110
0110111111111110
1001110011101100
0010010000011100
0101100010001110
0110000000001110
1001110011101100
1001001000100001
1111110100010001
1011111111100001
1001000111000001
0101011100101110
0110111111111110
1001110011101100
0010010000101100
0101100011101110
0110000000001110
1001110011101100
0010000000010010
0101011100001110
0110111111111110
1001110011101100
0010010000011100
0101100100001110
0110000000001110
1001110011101100
0101111111100001
0110000001100001
0101011101001110
0110111111111110
1001110011101100
0010010000111100
0101100011001110
0110000000001110
1001110011101100
0010010000010011
0101000001100001
0101011011101110
0110111111111110
1001110011101100
0010010000101100
0101100100101110
0110000000001110
1001110011101100
1001000100010010
1111110100100010
1011111111100010
1001001011000010
0101011011001110
0110111111111110
1001110011101100
0010010000011100
0101100101001110
0110000000001110
1001110011101100
0010000000100001
0101011010101110
0110111111111110
1001110011101100
0010010000011100
0101100101101110
0110000000001110
1001110011101100
0101011111110001
0110000000110001
0101011010001110
0110111111111110
1001110011101100
0010010000011100
0101100110001110
0110000000001110
1001110011101100
0101011010101110
0110111111111110
1001110011101100
0010000011000001
0101100101101110
0110000000001110
1001110011101100
0101011001101110
0110111111111110
1001110011101100
0010010000101100
0101100110101110
0110000000001110
1001110011101100
0101011010001110
0110111111111110
1001110011101100
0010000011000010
0101100110001110
0110000000001110
1001110011101100
0101011100001110
0110111111111110
1001110011101100
0010010000111100
0101100100001110
0110000000001110
1001110011101100
0010010000100011
0101000001110010
0101011010101110
0110111111111110
1001110011101100
0010010000011100
0101100101101110
0110000000001110
1001110011101100
1001001000100001
1111110100010001
1011111111100001
1001000111000001
0101011001001110
0110111111111110
1001110011101100
0010010000101100
0101100111001110
0110000000001110
1001110011101100
0010000000010010
0101011000101110
0110111111111110
1001110011101100
0010010000011100
0101100111101110
0110000000001110
1001110011101100
0101110000000001
0110000000010001
0101011001101110
0110111111111110
1001110011101100
0010010000111100
0101100110101110
0110000000001110
1001110011101100
0010010000010011
0101000010000001
0101011000001110
0110111111111110
1001110011101100
0010010000101100
0101101000001110
0110000000001110
1001110011101100
1001000100010010
1111110100100010
1011111111100010
1001001011000010
0101010111101110
0110111111111110
1001110011101100
0010010000011100
0101101000101110
0110000000001110
1001110011101100
0010000000100001
0101010111001110
0110111111111110
1001110011101100
0010010000011100
0101101001001110
0110000000001110
1001110011101100
0101111000000001
0110000000000001
0101010110101110
0110111111111110
1001110011101100
0010010000011100
0101101001101110
0110000000001110
1001110011101100
0101010111001110
0110111111111110
1001110011101100
0010000011000001
0101101001001110
0110000000001110
1001110011101100
0101010110001110
0110111111111110
1001110011101100
0010010000101100
0101101010001110
0110000000001110
1001110011101100
0101010110101110
0110111111111110
1001110011101100
0010000011000010
0101101001101110
0110000000001110
1001110011101100
0101011000101110
0110111111111110
1001110011101100
0010010000111100
0101100111101110
0110000000001110
1001110011101100
0010010000100011
0101000010010010
0101010111001110
0110111111111110
1001110011101100
0010010000011100
0101101001001110
0110000000001110
1001110011101100
1001001000100001
1111110100010001
1011111111100001
1001000111000001
0101010101101110
0110111111111110
1001110011101100
0010010000101100
0101101010101110
0110000000001110
1001110011101100
0010000000010010
0101010101001110
0110111111111110
1001110011101100
0010010000011100
0101101011001110
0110000000001110
1001110011101100
0101011100000001
0101010110001110
0110111111111110
1001110011101100
0010010000111100
0101101010001110
0110000000001110
1001110011101100
0010010000010011
0101000010100001
0101010100101110
0110111111111110
1001110011101100
0010010000101100
0101101011101110
0110000000001110
1001110011101100
1001000100010010
1111110100100010
1011111111100010
1001001011000010
0101010100001110
0110111111111110
1001110011101100
0010010000011100
0101101100001110
0110000000001110
1001110011101100
0010000000100001
0101010011101110
0110111111111110
1001110011101100
0010010000011100
0101101100101110
0110000000001110
1001110011101100
0101001110000001
0101010011001110
0110111111111110
1001110011101100
0010010000011100
0101101101001110
0110000000001110
1001110011101100
0101010011101110
0110111111111110
1001110011101100
0010000011000001
0101101100101110
0110000000001110
1001110011101100
0101010010101110
0110111111111110
1001110011101100
0010010000101100
0101101101101110
0110000000001110
1001110011101100
0101010011001110
0110111111111110
1001110011101100
0010000011000010
0101101101001110
0110000000001110
1001110011101100
0101010101001110
0110111111111110
1001110011101100
0010010000111100
0101101011001110
0110000000001110
1001110011101100
0010010000100011
0101000010110010
0101010011101110
0110111111111110
1001110011101100
0010010000011100
0101101100101110
0110000000001110
1001110011101100
1001001000100001
1111110100010001
1011111111100001
1001000111000001
0101010010001110
0110111111111110
1001110011101100
0010010000101100
0101101110001110
0110000000001110
1001110011101100
0010000000010010
0101010001101110
0110111111111110
1001110011101100
0010010000011100
0101101110101110
0110000000001110
1001110011101100
0101000111000001
0101010010101110
0110111111111110
1001110011101100
0010010000111100
0101101101101110
0110000000001110
1001110011101100
0010010000010011
1011000101101100
0010000011000001
1011111010101100
1011000101101100
0010010000011100
1011111010101100
1001000000010001
1011111001101100
0010010000011100
1011000110101100
1011000110001100
0010000011000001
1011111010001100
1011000110001100
0010010000011100
1011111010001100
1001000000010001
1011111001001100
0010010000011100
1011000111001100
0101000000000001
1011111000101100
0010010000011100
1011000111101100
0101000000000001
1011111000001100
0010010000011100
1011001000001100
0101010001001110
0110111111111110
1001110011101100
0010010000101100
0101101111001110
0110000000001110
1001110011101100
0101010001101110
0110111111111110
1001110011101100
0010010000111100
0101101110101110
0110000000001110
1001110011101100
0101010000101110
0110111111111110
1001110011101100
0010010001001100
0101101111101110
0110000000001110
1001110011101100
0101010000001110
0110111111111110
1001110011101100
0010010001011100
0101110000001110
0110000000001110
1001110011101100
0101001111101110
0110111111111110
1001110011101100
0010010001101100
0101110000101110
0110000000001110
1001110011101100
0101001111001110
0110111111111110
1001110011101100
0010010001111100
0101110001001110
0110000000001110
1001110011101100
0101001110101110
0110111111111110
1001110011101100
0010010010001100
0101110001101110
0110000000001110
1001110011101100
0101001110001110
0110111111111110
1001110011101100
0010010010011100
0101110010001110
0110000000001110
1001110011101100
1011111000001100
0010000011000001
1011001000001100
1111001011000001
1011111000001100
0010010000011100
1011001000001100
0101000001001110
1111011000101110
0101100111011110
0110000000001110
0010101011100000
1011111001001100
0010000011000001
1011000111001100
1111001000000001
1011111001001100
0010010000011100
1011000111001100
0101000000111110
1111011000011110
0101001110001110
0010101011100000
1011111001001100
0010000011000001
1011000111001100
1011111000001100
0010000011000010
1011001000001100
1000001000110001
1011111001101100
0010000011000100
1011000110101100
1001010000110011
1011110111101100
0010000011000101
1011001000101100
1000001001010100
1010010100010101
1011110111001100
0010000011000110
1011001001001100
1001001000100110
1111110101100110
1011111111100110
1001011011000110
0010000001100111
1011111000101100
0010000011001000
1011000111101100
1001100001110111
1011111001001100
0010010000011100
1011000111001100
1011111000001100
0010010000101100
1011001000001100
1011110111101100
0010010000111100
1011001000101100
1011111001101100
0010010001001100
1011000110101100
1011110111001100
0010010001011100
1011001001001100
0101001101101110
0110111111111110
1001110011101100
0010010001101100
0101110010101110
0110000000001110
1001110011101100
1011111000101100
0010010001111100
1011000111101100
0101001101101110
0010101011100000
1011111001001100
0010000011000001
1011000111001100
1011111000001100
0010000011000010
1011001000001100
1000001000110001
1011111001101100
0010000011000100
1011000110101100
1010001101000011
1011110111101100
0010000011000101
1011001000101100
1000001001010100
1001000101010101
1011110111001100
0010000011000110
1011001001001100
1001001000100110
1111110101100110
1011111111100110
1001011011000110
0010000001100111
1011111000101100
0010000011001000
1011000111101100
1010011110000111
1011111001001100
0010010000011100
1011000111001100
1011111000001100
0010010000101100
1011001000001100
1011110111101100
0010010000111100
1011001000101100
1011111001101100
0010010001001100
1011000110101100
1011110111001100
0010010001011100
1011001001001100
0101001101001110
0110111111111110
1001110011101100
0010010001101100
0101110011001110
0110000000001110
1001110011101100
1011111000101100
0010010001111100
1011000111101100
1011111001101100
0010000011000001
1011000110101100
1011110111101100
0010000011000010
1011001000101100
1001000000100001
1011111001001100
0010000011000011
1011000111001100
1011110111001100
0010000011000100
1011001001001100
1001000001000011
0101000000010101
1011111000001100
0010000011000110
1011001000001100
1001011001010101
1011111001101100
0010010000011100
1011000110101100
1011110111101100
0010010000101100
1011001000101100
1011111001001100
0010010000111100
1011000111001100
1011110111001100
0010010001001100
1011001001001100
1011111000001100
0010010001011100
1011001000001100
0101010110011110
0110111111111110
0010101011100000
1011111000101100
0010000011000001
1011000111101100
1001000000011011
0010110001000000
1011111000101100
0010010000011100
1011000111101100
1001000011001101
1011000000101101
0010000011011010
1011000000101101
0010000011011001
1011000000101101
0010000011011000
1011000000101101
0010000011010111
1011000000101101
0010000011010110
1011000000101101
0010000011010101
1011000000101101
0010000011010100
1011000000101101
0010000011010011
1011000000101101
0010000011010010
1011000000101101
0010000011010001
0010000011001100
0010100010100000
0010010011001101
1001000011011100
0101000001001110
0010000011100010
0101000000001110
0010000011100011
1010001100100100
0101000001101110
0010000011100110
0101000000101110
0010000011100111
1010011101101000
1011111101001100
0010010000011100
1011000011001100
0101000001001110
0010010000101110
1101010001000001
1011111100101100
0010010001011100
1011000011101100
0101000001101110
0010010001101110
1101100010000101
1001000101010001
0101111100000010
1001001011001101
0010010000011101
1011111111101101
0101001000111010
0110000000111010
0101011011011110
0110111111001110
0010101011100000
1001000010110010
0101111100000101
1001010111001101
0010010010001101
1011111111101101
0010010001001101
1011111111101101
0101001011101010
0101110101001110
0110111111001110
0010101011100000
1001000010110101
1001000000101011
0010110101000000
1011111110101100
0010010000011100
1011000001101100
1011111110001100
0010010000101100
1011000010001100
0101000000001110
0010010000111110
1011111111101100
0010010001001100
1011000000101100
1011111101101100
0010010001011100
1011000010101100
0101000000101110
0010010001111110
1011111111001100
0010010010001100
1011000001001100
1001000011001101
0010000011001100